2 0.080110 0.529412 0.074586 0.109244
2 0.095994 0.376050 0.064917 0.067227
2 0.207873 0.128151 0.070442 0.100840
2 0.204420 0.394958 0.085635 0.075630
2 0.226519 0.496849 0.063536 0.073529
2 0.314917 0.126050 0.060773 0.130252
2 0.303177 0.328782 0.100829 0.165966
2 0.328039 0.440126 0.059392 0.107143
2 0.309392 0.575630 0.058011 0.117647
2 0.265193 0.772059 0.058011 0.090336
2 0.250691 0.894958 0.056630 0.067227
2 0.393646 0.176471 0.046961 0.084034
2 0.473757 0.038866 0.044199 0.060924
2 0.477210 0.172269 0.051105 0.075630
2 0.354282 0.695378 0.053867 0.063025
2 0.460635 0.306723 0.048343 0.071429
2 0.435773 0.576681 0.062155 0.094538
2 0.466160 0.412815 0.073204 0.086134
2 0.430249 0.832983 0.048343 0.090336
2 0.497238 0.757353 0.055249 0.069328
2 0.566298 0.516807 0.071823 0.130252
2 0.515884 0.622899 0.062155 0.069328
2 0.602901 0.752101 0.075967 0.105042
2 0.562845 0.896008 0.040055 0.056723
2 0.584945 0.169118 0.075967 0.119748
2 0.549033 0.331933 0.051105 0.063025
2 0.666436 0.217437 0.062155 0.098739
2 0.665746 0.327731 0.077348 0.075630
2 0.712017 0.480042 0.056630 0.065126
2 0.689227 0.702731 0.058011 0.086134
2 0.703729 0.809874 0.059392 0.090336
2 0.810773 0.627101 0.049724 0.086134
2 0.832182 0.393908 0.048343 0.077731
2 0.918508 0.535714 0.041436 0.067227
2 0.368094 0.936975 0.051105 0.067227
2 0.471685 0.964286 0.053867 0.058824
