10 0.075922 0.840870 0.138829 0.318261
10 0.270065 0.851304 0.162690 0.297391
10 0.489154 0.850435 0.171367 0.299130
10 0.719089 0.850435 0.162690 0.299130
10 0.926247 0.852174 0.147505 0.295652
10 0.072668 0.483478 0.127983 0.316522
10 0.278742 0.486087 0.171367 0.314783
10 0.491323 0.487826 0.158351 0.328696
10 0.706074 0.479130 0.149675 0.314783
10 0.920824 0.487826 0.127983 0.328696
10 0.070499 0.141739 0.123644 0.276522
10 0.283080 0.144348 0.149675 0.281739
10 0.480477 0.142609 0.140998 0.278261
10 0.688720 0.143478 0.162690 0.276522
10 0.911063 0.145217 0.134490 0.280000
