10 0.084123 0.823636 0.149289 0.323636
10 0.279621 0.833636 0.189573 0.314545
10 0.489336 0.827273 0.182464 0.312727
10 0.709716 0.832727 0.196682 0.320000
10 0.914692 0.830909 0.170616 0.316364
10 0.068720 0.495455 0.127962 0.321818
10 0.267773 0.500909 0.170616 0.321818
10 0.489336 0.500909 0.191943 0.318182
10 0.719194 0.497273 0.163507 0.321818
10 0.917062 0.500000 0.165877 0.323636
10 0.075829 0.167273 0.132701 0.309091
10 0.278436 0.170909 0.201422 0.312727
10 0.500000 0.169091 0.194313 0.323636
10 0.715640 0.168182 0.189573 0.310909
10 0.919431 0.168182 0.161137 0.310909
